Inference for Stan model: anon_model_824be52b3cdc6e67868e25b5acd2b0df.
4 chains, each with iter=1000; warmup=500; thin=1; 
post-warmup draws per chain=500, total post-warmup draws=2000.

             mean se_mean     sd   2.5%    25%    50%    75%  97.5%  n_eff   Rhat
mu[0]       11.17  4.8e-3   0.22  10.76  11.02  11.17   11.3  11.61   2000    1.0
mu[1]        11.1  3.7e-3   0.15  10.81  10.99   11.1   11.2  11.42   1775    1.0
mu[2]       11.05  4.1e-3   0.15  10.76  10.95  11.06  11.15  11.35   1359    1.0
mu[3]       10.97  4.0e-3   0.15  10.69  10.86  10.97  11.07  11.27   1391    1.0
mu[4]       10.96  4.0e-3   0.15  10.67  10.86  10.96  11.06  11.27   1470    1.0
mu[5]       11.05  4.1e-3   0.16  10.74  10.94  11.05  11.15  11.37   1528    1.0
mu[6]        11.1  3.8e-3   0.15  10.81   11.0   11.1  11.21  11.39   1521    1.0
mu[7]       11.21  5.3e-3   0.16   10.9  11.11  11.21  11.31  11.54    915    1.0
mu[8]       11.47  5.1e-3   0.16  11.17  11.36  11.47  11.57   11.8    950    1.0
mu[9]       11.83  4.2e-3   0.15  11.54  11.74  11.83  11.93  12.14   1324    1.0
mu[10]      12.25  4.1e-3   0.16  11.93  12.15  12.26  12.35  12.56   1484    1.0
mu[11]      12.57  3.8e-3   0.15  12.27  12.48  12.58  12.67  12.87   1576    1.0
mu[12]      12.82  3.5e-3   0.15  12.53  12.72  12.82  12.92   13.1   1749    1.0
mu[13]      13.02  3.7e-3   0.15  12.73  12.92  13.02  13.12  13.32   1616    1.0
mu[14]      13.17  3.8e-3   0.15  12.88  13.08  13.17  13.28  13.47   1591    1.0
mu[15]      13.28  5.3e-3   0.16  12.96  13.17  13.28  13.38  13.59    929    1.0
mu[16]      13.19  3.9e-3   0.15  12.89  13.09  13.19  13.29  13.48   1481    1.0
mu[17]       13.0  4.0e-3   0.15  12.69   12.9  12.99   13.1  13.32   1502    1.0
mu[18]      12.84  4.1e-3   0.16  12.55  12.74  12.84  12.94  13.15   1416    1.0
mu[19]      12.57  4.1e-3   0.16  12.24  12.47  12.57  12.67  12.87   1498    1.0
mu[20]      12.23  5.0e-3   0.23  11.78  12.09  12.23  12.38  12.68   2000    1.0
s_mu         0.19  4.7e-3   0.08   0.09   0.13   0.17   0.23   0.41    326    1.0
s_Y          0.26  2.1e-3   0.06   0.15   0.22   0.25   0.29    0.4    781    1.0
mu_all[0]   11.17  4.8e-3   0.22  10.76  11.02  11.17   11.3  11.61   2000    1.0
mu_all[1]    11.1  3.7e-3   0.15  10.81  10.99   11.1   11.2  11.42   1775    1.0
mu_all[2]   11.05  4.1e-3   0.15  10.76  10.95  11.06  11.15  11.35   1359    1.0
mu_all[3]   10.97  4.0e-3   0.15  10.69  10.86  10.97  11.07  11.27   1391    1.0
mu_all[4]   10.96  4.0e-3   0.15  10.67  10.86  10.96  11.06  11.27   1470    1.0
mu_all[5]   11.05  4.1e-3   0.16  10.74  10.94  11.05  11.15  11.37   1528    1.0
mu_all[6]    11.1  3.8e-3   0.15  10.81   11.0   11.1  11.21  11.39   1521    1.0
mu_all[7]   11.21  5.3e-3   0.16   10.9  11.11  11.21  11.31  11.54    915    1.0
mu_all[8]   11.47  5.1e-3   0.16  11.17  11.36  11.47  11.57   11.8    950    1.0
mu_all[9]   11.83  4.2e-3   0.15  11.54  11.74  11.83  11.93  12.14   1324    1.0
mu_all[10]  12.25  4.1e-3   0.16  11.93  12.15  12.26  12.35  12.56   1484    1.0
mu_all[11]  12.57  3.8e-3   0.15  12.27  12.48  12.58  12.67  12.87   1576    1.0
mu_all[12]  12.82  3.5e-3   0.15  12.53  12.72  12.82  12.92   13.1   1749    1.0
mu_all[13]  13.02  3.7e-3   0.15  12.73  12.92  13.02  13.12  13.32   1616    1.0
mu_all[14]  13.17  3.8e-3   0.15  12.88  13.08  13.17  13.28  13.47   1591    1.0
mu_all[15]  13.28  5.3e-3   0.16  12.96  13.17  13.28  13.38  13.59    929    1.0
mu_all[16]  13.19  3.9e-3   0.15  12.89  13.09  13.19  13.29  13.48   1481    1.0
mu_all[17]   13.0  4.0e-3   0.15  12.69   12.9  12.99   13.1  13.32   1502    1.0
mu_all[18]  12.84  4.1e-3   0.16  12.55  12.74  12.84  12.94  13.15   1416    1.0
mu_all[19]  12.57  4.1e-3   0.16  12.24  12.47  12.57  12.67  12.87   1498    1.0
mu_all[20]  12.23  5.0e-3   0.23  11.78  12.09  12.23  12.38  12.68   2000    1.0
mu_all[21]   11.9  9.6e-3   0.43   11.0  11.62  11.91  12.17  12.68   2000    1.0
mu_all[22]  11.56    0.02   0.71  10.07  11.15  11.58   12.0  12.85   2000    1.0
mu_all[23]  11.22    0.03   1.05   8.94  10.62  11.26  11.89  13.11   1439    1.0
y_pred[0]   11.89    0.01    0.5  10.85  11.55  11.89  12.23  12.85   2000    1.0
y_pred[1]   11.56    0.02   0.75   9.94  11.09  11.58  12.04  13.01   2000    1.0
y_pred[2]   11.21    0.03   1.09   8.87  10.55  11.23  11.92   13.2   1437    1.0
lp__        39.79    0.36    6.2  26.74  35.78  40.32  44.17  50.42    298    1.0

Samples were drawn using NUTS at Mon Oct 30 15:11:53 2017.
For each parameter, n_eff is a crude measure of effective sample size,
and Rhat is the potential scale reduction factor on split chains (at 
convergence, Rhat=1).