Inference for Stan model: anon_model_f58034fc739f7074ee30f196c12c3f49.
4 chains, each with iter=1000; warmup=500; thin=1; 
post-warmup draws per chain=500, total post-warmup draws=2000.

             mean se_mean     sd   2.5%    25%    50%    75%  97.5%  n_eff   Rhat
mu[0]       11.18  3.3e-3   0.15  10.86  11.11  11.19  11.25   11.5   2000    1.0
mu[1]       11.05  3.1e-3   0.14  10.78  10.97  11.03  11.11  11.36   2000    1.0
mu[2]       11.22  5.1e-3   0.14  10.88  11.15  11.25  11.31  11.48    791    1.0
mu[3]       10.86  3.4e-3   0.15  10.58  10.78  10.84  10.93   11.2   2000   1.01
mu[4]       10.86  4.9e-3   0.15   10.6  10.78  10.84  10.93  11.21    963   1.01
mu[5]       11.23  3.3e-3   0.15  10.88  11.16  11.26  11.32   11.5   2000    1.0
mu[6]       11.12  3.1e-3   0.14  10.85  11.04  11.11  11.19  11.43   2000    1.0
mu[7]       11.07  6.3e-3   0.15  10.81  10.98  11.04  11.15  11.44    591   1.01
mu[8]       11.42  3.2e-3   0.14  11.15  11.34  11.41  11.48  11.74   2000    1.0
mu[9]       11.75  3.1e-3   0.14   11.5  11.67  11.74  11.82  12.07   2000    1.0
mu[10]      12.42  6.2e-3   0.15  12.05  12.34  12.45  12.51  12.66    609   1.01
mu[11]      12.58  2.9e-3   0.13  12.27  12.52  12.59  12.66  12.85   2000    1.0
mu[12]      12.79  2.9e-3   0.13   12.5  12.73  12.79  12.86  13.08   2000    1.0
mu[13]      12.98  3.0e-3   0.14  12.69  12.91  12.99  13.06  13.26   2000    1.0
mu[14]      13.04  3.3e-3   0.15  12.76  12.97  13.03  13.11  13.37   2000    1.0
mu[15]      13.48  8.9e-3   0.18  13.01   13.4  13.52   13.6  13.75    420   1.01
mu[16]      13.25  3.3e-3   0.15   12.9  13.18  13.27  13.34  13.53   2000    1.0
mu[17]      12.72  7.8e-3   0.16  12.47   12.6  12.69  12.81   13.1    434   1.01
mu[18]       13.0  7.0e-3   0.16  12.62  12.93  13.03   13.1  13.27    513   1.01
mu[19]       12.6  3.2e-3   0.14   12.3  12.53   12.6  12.68  12.89   2000    1.0
mu[20]      12.18  9.3e-3   0.17  11.91  12.08  12.15  12.26  12.59    330   1.01
s_mu          0.4  3.5e-3   0.09   0.24   0.34   0.39   0.45   0.58    608    1.0
s_Y          0.15  9.0e-3   0.09   0.03   0.08   0.13   0.21   0.34     97   1.05
mu_all[0]   11.18  3.3e-3   0.15  10.86  11.11  11.19  11.25   11.5   2000    1.0
mu_all[1]   11.05  3.1e-3   0.14  10.78  10.97  11.03  11.11  11.36   2000    1.0
mu_all[2]   11.22  5.1e-3   0.14  10.88  11.15  11.25  11.31  11.48    791    1.0
mu_all[3]   10.86  3.4e-3   0.15  10.58  10.78  10.84  10.93   11.2   2000   1.01
mu_all[4]   10.86  4.9e-3   0.15   10.6  10.78  10.84  10.93  11.21    963   1.01
mu_all[5]   11.23  3.3e-3   0.15  10.88  11.16  11.26  11.32   11.5   2000    1.0
mu_all[6]   11.12  3.1e-3   0.14  10.85  11.04  11.11  11.19  11.43   2000    1.0
mu_all[7]   11.07  6.3e-3   0.15  10.81  10.98  11.04  11.15  11.44    591   1.01
mu_all[8]   11.42  3.2e-3   0.14  11.15  11.34  11.41  11.48  11.74   2000    1.0
mu_all[9]   11.75  3.1e-3   0.14   11.5  11.67  11.74  11.82  12.07   2000    1.0
mu_all[10]  12.42  6.2e-3   0.15  12.05  12.34  12.45  12.51  12.66    609   1.01
mu_all[11]  12.58  2.9e-3   0.13  12.27  12.52  12.59  12.66  12.85   2000    1.0
mu_all[12]  12.79  2.9e-3   0.13   12.5  12.73  12.79  12.86  13.08   2000    1.0
mu_all[13]  12.98  3.0e-3   0.14  12.69  12.91  12.99  13.06  13.26   2000    1.0
mu_all[14]  13.04  3.3e-3   0.15  12.76  12.97  13.03  13.11  13.37   2000    1.0
mu_all[15]  13.48  8.9e-3   0.18  13.01   13.4  13.52   13.6  13.75    420   1.01
mu_all[16]  13.25  3.3e-3   0.15   12.9  13.18  13.27  13.34  13.53   2000    1.0
mu_all[17]  12.72  7.8e-3   0.16  12.47   12.6  12.69  12.81   13.1    434   1.01
mu_all[18]   13.0  7.0e-3   0.16  12.62  12.93  13.03   13.1  13.27    513   1.01
mu_all[19]   12.6  3.2e-3   0.14   12.3  12.53   12.6  12.68  12.89   2000    1.0
mu_all[20]  12.18  9.3e-3   0.17  11.91  12.08  12.15  12.26  12.59    330   1.01
mu_all[21]  12.17    0.01   0.45  11.28  11.88  12.17  12.46  13.07   2000    1.0
mu_all[22]  12.15    0.01    0.6  10.96  11.78  12.15  12.54  13.38   2000    1.0
mu_all[23]  12.17    0.02   0.72  10.74   11.7  12.17  12.64  13.65   2000    1.0
y_pred[0]   12.17    0.01   0.47  11.25  11.87  12.17  12.47  13.17   2000    1.0
y_pred[1]   12.15    0.01   0.62  10.93  11.75  12.15  12.57  13.41   2000    1.0
y_pred[2]   12.17    0.02   0.74  10.71  11.68  12.17  12.65   13.7   2000    1.0
lp__        40.61    1.44  12.04  22.31  31.86  38.54  48.55  67.31     70   1.07

Samples were drawn using NUTS at Fri Oct 27 11:18:22 2017.
For each parameter, n_eff is a crude measure of effective sample size,
and Rhat is the potential scale reduction factor on split chains (at 
convergence, Rhat=1).