Inference for Stan model: anon_model_d2e43486f693fc7f000c4fd58fdfe145.
4 chains, each with iter=1000; warmup=500; thin=1; 
post-warmup draws per chain=500, total post-warmup draws=2000.

                 mean se_mean     sd   2.5%    25%    50%    75%  97.5%  n_eff   Rhat
mu[0]           18.36    0.05   0.63  17.17  17.95  18.37  18.78  19.58    182   1.02
mu[1]            18.5    0.04    0.5  17.51  18.19  18.52  18.82  19.44    153   1.02
mu[2]           18.53    0.01   0.48  17.59  18.22  18.53  18.85  19.46   1428    1.0
mu[3]           17.57    0.02   0.44  16.66  17.29  17.58  17.85   18.4    497   1.01
mu[4]           17.16  9.5e-3   0.42  16.32  16.89  17.17  17.43  18.03   2000    1.0
mu[5]           16.74    0.04   0.46  15.77  16.46  16.76  17.03  17.61    154   1.02
mu[6]           16.19  9.2e-3   0.41  15.39  15.92  16.18  16.45  17.01   2000   1.01
mu[7]            16.3    0.03   0.45  15.42  16.01  16.29  16.59  17.14    308   1.01
mu[8]           15.79  9.0e-3    0.4  14.97  15.53  15.79  16.03  16.58   2000    1.0
mu[9]           15.12    0.01   0.43  14.22  14.85  15.15   15.4  15.93   1313    1.0
mu[10]          15.03    0.03   0.42  14.25  14.76  15.03  15.31  15.86    265   1.01
mu[11]          14.92    0.01   0.41  14.12  14.66  14.91  15.16  15.82   1171    1.0
mu[12]          14.76  9.3e-3   0.41  13.92  14.49   14.8  15.03  15.55   2000    1.0
mu[13]          14.85    0.02   0.44  13.95  14.56  14.85  15.15  15.67    517   1.01
mu[14]          15.19  9.5e-3   0.42  14.34  14.93  15.22  15.47  16.01   2000    1.0
mu[15]          15.48  9.6e-3   0.43  14.68  15.17  15.48  15.75  16.35   2000   1.01
mu[16]          15.33  9.4e-3   0.42  14.55  15.04  15.33  15.62  16.17   2000    1.0
mu[17]          15.32  8.9e-3    0.4  14.55  15.06  15.32  15.57  16.17   2000    1.0
mu[18]          14.98    0.02   0.48  14.03  14.67  14.98  15.33  15.94    794   1.01
mu[19]          15.77  9.8e-3   0.44  14.96  15.46  15.75  16.05  16.67   2000   1.01
mu[20]          16.29  9.7e-3   0.43  15.41  16.01   16.3  16.54  17.13   2000    1.0
mu[21]          16.25  9.0e-3    0.4  15.44   16.0  16.24  16.51  17.07   2000    1.0
mu[22]          16.48  9.2e-3   0.41  15.64  16.21  16.46  16.75  17.31   2000    1.0
mu[23]          16.58  9.4e-3   0.42  15.74  16.31  16.57  16.85  17.41   2000    1.0
mu[24]          17.04  9.6e-3   0.43  16.27  16.75  17.04  17.34  17.92   2000   1.01
mu[25]           17.4  9.4e-3   0.42  16.58  17.13  17.42  17.66  18.19   2000    1.0
mu[26]          18.44    0.01   0.44  17.59  18.15  18.44  18.75  19.29   1142   1.01
mu[27]          18.55  9.2e-3   0.41  17.71  18.27  18.55  18.83  19.33   2000    1.0
mu[28]          18.73    0.05   0.48  17.51  18.46  18.75  19.04  19.59     94   1.03
mu[29]          19.28  9.3e-3   0.42  18.46   19.0  19.26  19.55  20.08   2000   1.01
mu[30]          19.76  9.3e-3   0.42  18.93  19.49  19.77  20.05   20.6   2000   1.01
mu[31]          20.32  9.3e-3   0.42  19.48  20.03  20.33  20.63  21.08   2000    1.0
mu[32]          20.89    0.03   0.45  20.02  20.58  20.88   21.2  21.77    190   1.02
mu[33]          21.75    0.02   0.45  20.92  21.43  21.74  22.04  22.68    731    1.0
mu[34]          21.63    0.04   0.46  20.78  21.33  21.62   21.9  22.65    130   1.02
mu[35]          21.78    0.02   0.41  20.98   21.5  21.78  22.05  22.62    668   1.01
mu[36]          22.12    0.01   0.43  21.29  21.83  22.11  22.39  22.98   1351   1.01
mu[37]          22.64  9.4e-3   0.42  21.87  22.35  22.65  22.92  23.48   2000    1.0
mu[38]          23.17    0.02   0.42  22.38  22.89  23.17  23.47  24.02    292   1.02
mu[39]          23.38  9.4e-3   0.42  22.49  23.13  23.37  23.64  24.23   2000    1.0
mu[40]           23.9    0.01   0.43  23.06   23.6   23.9  24.19  24.74   1095   1.01
mu[41]          24.22  9.8e-3   0.44  23.34  23.93  24.24  24.49   25.1   2000    1.0
mu[42]          24.61    0.01   0.46  23.73   24.3  24.58   24.9  25.57   2000    1.0
mu[43]           25.1    0.04   0.63  23.84  24.68  25.11  25.56  26.27    217   1.02
season[0]       -0.26    0.05   0.62  -1.46  -0.69  -0.28   0.14   0.86    164   1.03
season[1]        5.13    0.04    0.5   4.15    4.8   5.12   5.43   6.22    138   1.02
season[2]       -2.39    0.04   0.56  -3.74  -2.72   -2.3   -2.0  -1.43    190   1.03
season[3]       -2.49    0.04   0.51  -3.33  -2.84  -2.51  -2.17  -1.44    169   1.02
season[4]       -0.06  9.3e-3   0.42  -0.89  -0.33  -0.05   0.19   0.79   2000    1.0
season[5]        5.42    0.04   0.46   4.54   5.13   5.41   5.69   6.41    141   1.02
season[6]       -3.79    0.02   0.42  -4.57  -4.08  -3.81  -3.53  -2.87    310   1.01
season[7]       -1.29    0.03   0.45  -2.23  -1.59  -1.27  -0.99  -0.45    322   1.02
season[8]       -0.01  9.8e-3    0.4  -0.78  -0.28  -0.01   0.23    0.8   1662    1.0
season[9]        4.94    0.02   0.44   4.13   4.66    4.9   5.21   5.86    459   1.01
season[10]      -3.76    0.02   0.42  -4.64  -4.03  -3.76  -3.47   -3.0    420   1.01
season[11]       -1.1    0.02   0.44  -2.05  -1.37  -1.08  -0.84  -0.28    529   1.01
season[12]      -0.18    0.01   0.41  -0.99  -0.43   -0.2   0.07   0.67   1538    1.0
season[13]       5.33    0.03   0.44    4.5   5.02   5.33    5.6   6.24    307   1.01
season[14]       -4.3    0.02   0.42  -5.09  -4.58  -4.33  -4.04  -3.42    781   1.01
season[15]      -0.89    0.03   0.46  -1.84  -1.18  -0.89  -0.55  -0.07    216   1.02
season[16]      -0.29    0.02   0.42  -1.01  -0.59   -0.3  -0.01   0.54    435   1.01
season[17]       5.98  9.0e-3    0.4   5.18   5.72    6.0   6.25   6.74   2000   1.01
season[18]      -4.85    0.05   0.53  -5.77  -5.22  -4.87  -4.53  -3.72    124   1.04
season[19]       -1.3    0.02   0.43  -2.17  -1.59  -1.29   -1.0  -0.47    310   1.01
season[20]        0.3    0.02   0.43  -0.59   0.04    0.3   0.57   1.15    686   1.01
season[21]       5.43    0.02   0.41   4.63   5.16   5.44   5.69   6.27    722    1.0
season[22]      -3.55  9.3e-3   0.42  -4.39  -3.81  -3.54  -3.28  -2.73   2000    1.0
season[23]      -2.41    0.01    0.4  -3.14  -2.67  -2.42  -2.15  -1.61   1206   1.01
season[24]       0.26    0.03   0.43  -0.65-8.7e-3   0.28   0.56   1.05    258   1.01
season[25]       5.45    0.03   0.45   4.62   5.13   5.43   5.74   6.42    179   1.02
season[26]      -2.78    0.04    0.5   -3.8  -3.08  -2.78  -2.43  -1.88    152   1.03
season[27]      -2.88    0.02   0.44   -3.7  -3.19   -2.9  -2.59  -1.98    589   1.01
season[28]      -0.54    0.05   0.48  -1.41  -0.87  -0.57  -0.26   0.63     94   1.04
season[29]       6.92    0.02   0.42   6.08   6.64   6.93   7.22   7.71    323   1.01
season[30]       -3.6    0.01   0.42   -4.4  -3.86  -3.61  -3.33  -2.75   1641   1.01
season[31]       -2.8    0.02   0.42  -3.63   -3.1  -2.81  -2.51   -2.0    417   1.01
season[32]      -1.14    0.05   0.47  -2.07  -1.45  -1.15  -0.84  -0.24    102   1.03
season[33]        8.2    0.04   0.53   7.07   7.91   8.23   8.56   9.07    144   1.03
season[34]      -4.28    0.05   0.48  -5.43  -4.56  -4.27  -3.97  -3.35    103   1.03
season[35]      -2.86    0.01    0.4  -3.65  -3.12  -2.84  -2.61  -2.05    726    1.0
season[36]      -0.97    0.01   0.41  -1.79  -1.23  -0.96  -0.73   -0.1    874   1.01
season[37]       7.93    0.03   0.45    7.0   7.63   7.95   8.23   8.74    298   1.01
season[38]      -4.05    0.02   0.44  -4.89  -4.35  -4.06  -3.75  -3.18    815   1.02
season[39]      -2.97    0.02   0.43   -3.8  -3.24   -3.0  -2.71  -2.04    684   1.01
season[40]      -0.69    0.01   0.45  -1.62  -0.99  -0.68  -0.36   0.12    946   1.01
season[41]       7.67    0.01   0.46   6.78    7.4   7.65   7.98   8.57   1297    1.0
season[42]      -4.32    0.01   0.49   -5.3  -4.64  -4.29  -4.01  -3.35   2000    1.0
season[43]      -2.36    0.02   0.61  -3.48  -2.79  -2.37  -1.96  -1.16    809   1.02
s_mu             0.75  6.4e-3   0.15    0.5   0.64   0.74   0.83    1.1    567   1.02
s_season          0.6    0.01   0.15   0.31    0.5    0.6   0.69   0.89    172   1.03
s_Y              0.35    0.05   0.22   0.07   0.18   0.31   0.48    0.9     20   1.15
y_mean[0]        18.1  8.4e-3   0.37  17.31  17.93  18.09  18.26  18.93   2000    1.0
y_mean[1]       23.63  8.2e-3   0.37  22.75  23.47  23.66  23.81   24.4   2000    1.0
y_mean[2]       16.14    0.05   0.51  14.71  15.98  16.27  16.43  16.79    103   1.04
y_mean[3]       15.08    0.02   0.41   14.4  14.86  15.01  15.22   16.1    345   1.02
y_mean[4]        17.1  8.0e-3   0.36  16.34  16.94  17.11  17.25  17.88   2000    1.0
y_mean[5]       22.16  8.0e-3   0.36  21.38  21.98  22.18  22.34  22.93   2000    1.0
y_mean[6]        12.4    0.02   0.41  11.74  12.18  12.32  12.57  13.38    395   1.02
y_mean[7]       15.01    0.02   0.39  14.05  14.85  15.07  15.22  15.67    288   1.02
y_mean[8]       15.78  8.0e-3   0.36  14.95  15.61   15.8  15.96  16.47   2000    1.0
y_mean[9]       20.06    0.02   0.38  19.41  19.84  19.99  20.22  21.01    271   1.02
y_mean[10]      11.27  7.8e-3   0.35  10.55   11.1  11.26  11.44  12.01   2000    1.0
y_mean[11]      13.81  8.3e-3   0.37  12.98  13.64  13.83  13.99  14.57   2000    1.0
y_mean[12]      14.58  8.7e-3   0.39   13.8  14.39  14.55  14.75  15.45   2000    1.0
y_mean[13]      20.17  8.5e-3   0.38  19.52  19.98  20.14  20.33  21.05   2000    1.0
y_mean[14]      10.89  8.4e-3   0.37  10.15  10.71  10.88  11.02  11.79   2000    1.0
y_mean[15]      14.59    0.03    0.4  13.59  14.41  14.67  14.81  15.26    255   1.01
y_mean[16]      15.03  7.9e-3   0.35  14.31  14.86  15.02  15.19   15.9   2000    1.0
y_mean[17]      21.31  7.9e-3   0.35  20.49  21.14  21.34  21.51  21.98   2000   1.01
y_mean[18]      10.14    0.07   0.51    9.5   9.83   10.0  10.33  11.45     46   1.06
y_mean[19]      14.47  8.8e-3    0.4  13.64  14.29  14.51  14.66  15.22   2000    1.0
y_mean[20]      16.59    0.02   0.38   15.6  16.42  16.65  16.79  17.28    311   1.01
y_mean[21]      21.68  8.3e-3   0.37  21.01  21.48  21.66  21.84  22.59   2000   1.01
y_mean[22]      12.93  8.0e-3   0.36  12.14  12.77  12.94   13.1  13.68   2000    1.0
y_mean[23]      14.17  8.7e-3   0.39   13.4  13.96  14.12  14.34  15.12   2000   1.01
y_mean[24]      17.31  8.4e-3   0.38  16.47  17.15  17.34  17.49  18.05   2000    1.0
y_mean[25]      22.86    0.03   0.41  22.22  22.61  22.77  23.01  23.87    157   1.03
y_mean[26]      15.66    0.04   0.43  14.58  15.49  15.76  15.93  16.31    117   1.04
y_mean[27]      15.67  8.3e-3   0.37  14.96  15.47  15.63  15.84  16.55   2000   1.01
y_mean[28]      18.18  8.0e-3   0.36  17.49   18.0  18.15  18.36  18.97   2000    1.0
y_mean[29]       26.2  7.8e-3   0.35  25.42  26.02   26.2  26.37  26.92   2000    1.0
y_mean[30]      16.16  8.0e-3   0.36  15.38  15.99  16.17  16.33  16.93   2000    1.0
y_mean[31]      17.52  8.0e-3   0.36  16.75  17.35   17.5   17.7  18.32   2000    1.0
y_mean[32]      19.74  7.9e-3   0.35  19.05  19.56  19.73   19.9  20.53   2000   1.01
y_mean[33]      29.95    0.05   0.48  28.71  29.75  30.07  30.26   30.6     98   1.05
y_mean[34]      17.35  8.2e-3   0.36   16.7  17.16  17.31  17.53   18.2   2000   1.01
y_mean[35]      18.93  8.0e-3   0.36  18.24  18.75  18.89  19.09  19.81   2000    1.0
y_mean[36]      21.15  8.0e-3   0.36  20.47  20.98  21.12  21.32  21.97   2000   1.01
y_mean[37]      30.58  8.3e-3   0.37  29.72  30.42  30.61  30.76  31.23   2000    1.0
y_mean[38]      19.12  7.9e-3   0.35  18.31  18.95  19.12   19.3  19.83   2000    1.0
y_mean[39]      20.41  8.3e-3   0.37  19.71  20.23  20.37  20.58  21.27   2000   1.01
y_mean[40]      23.21  8.5e-3   0.38  22.37  23.04  23.23   23.4  23.97   2000    1.0
y_mean[41]      31.89  8.4e-3   0.37  31.07  31.72  31.89  32.08  32.67   2000    1.0
y_mean[42]      20.28  8.4e-3   0.38  19.52   20.1  20.26  20.45   21.1   2000    1.0
y_mean[43]      22.74    0.02   0.39   21.8  22.55   22.8  22.95  23.42    406   1.01
mu_all[0]       18.36    0.05   0.63  17.17  17.95  18.37  18.78  19.58    182   1.02
mu_all[1]        18.5    0.04    0.5  17.51  18.19  18.52  18.82  19.44    153   1.02
mu_all[2]       18.53    0.01   0.48  17.59  18.22  18.53  18.85  19.46   1428    1.0
mu_all[3]       17.57    0.02   0.44  16.66  17.29  17.58  17.85   18.4    497   1.01
mu_all[4]       17.16  9.5e-3   0.42  16.32  16.89  17.17  17.43  18.03   2000    1.0
mu_all[5]       16.74    0.04   0.46  15.77  16.46  16.76  17.03  17.61    154   1.02
mu_all[6]       16.19  9.2e-3   0.41  15.39  15.92  16.18  16.45  17.01   2000   1.01
mu_all[7]        16.3    0.03   0.45  15.42  16.01  16.29  16.59  17.14    308   1.01
mu_all[8]       15.79  9.0e-3    0.4  14.97  15.53  15.79  16.03  16.58   2000    1.0
mu_all[9]       15.12    0.01   0.43  14.22  14.85  15.15   15.4  15.93   1313    1.0
mu_all[10]      15.03    0.03   0.42  14.25  14.76  15.03  15.31  15.86    265   1.01
mu_all[11]      14.92    0.01   0.41  14.12  14.66  14.91  15.16  15.82   1171    1.0
mu_all[12]      14.76  9.3e-3   0.41  13.92  14.49   14.8  15.03  15.55   2000    1.0
mu_all[13]      14.85    0.02   0.44  13.95  14.56  14.85  15.15  15.67    517   1.01
mu_all[14]      15.19  9.5e-3   0.42  14.34  14.93  15.22  15.47  16.01   2000    1.0
mu_all[15]      15.48  9.6e-3   0.43  14.68  15.17  15.48  15.75  16.35   2000   1.01
mu_all[16]      15.33  9.4e-3   0.42  14.55  15.04  15.33  15.62  16.17   2000    1.0
mu_all[17]      15.32  8.9e-3    0.4  14.55  15.06  15.32  15.57  16.17   2000    1.0
mu_all[18]      14.98    0.02   0.48  14.03  14.67  14.98  15.33  15.94    794   1.01
mu_all[19]      15.77  9.8e-3   0.44  14.96  15.46  15.75  16.05  16.67   2000   1.01
mu_all[20]      16.29  9.7e-3   0.43  15.41  16.01   16.3  16.54  17.13   2000    1.0
mu_all[21]      16.25  9.0e-3    0.4  15.44   16.0  16.24  16.51  17.07   2000    1.0
mu_all[22]      16.48  9.2e-3   0.41  15.64  16.21  16.46  16.75  17.31   2000    1.0
mu_all[23]      16.58  9.4e-3   0.42  15.74  16.31  16.57  16.85  17.41   2000    1.0
mu_all[24]      17.04  9.6e-3   0.43  16.27  16.75  17.04  17.34  17.92   2000   1.01
mu_all[25]       17.4  9.4e-3   0.42  16.58  17.13  17.42  17.66  18.19   2000    1.0
mu_all[26]      18.44    0.01   0.44  17.59  18.15  18.44  18.75  19.29   1142   1.01
mu_all[27]      18.55  9.2e-3   0.41  17.71  18.27  18.55  18.83  19.33   2000    1.0
mu_all[28]      18.73    0.05   0.48  17.51  18.46  18.75  19.04  19.59     94   1.03
mu_all[29]      19.28  9.3e-3   0.42  18.46   19.0  19.26  19.55  20.08   2000   1.01
mu_all[30]      19.76  9.3e-3   0.42  18.93  19.49  19.77  20.05   20.6   2000   1.01
mu_all[31]      20.32  9.3e-3   0.42  19.48  20.03  20.33  20.63  21.08   2000    1.0
mu_all[32]      20.89    0.03   0.45  20.02  20.58  20.88   21.2  21.77    190   1.02
mu_all[33]      21.75    0.02   0.45  20.92  21.43  21.74  22.04  22.68    731    1.0
mu_all[34]      21.63    0.04   0.46  20.78  21.33  21.62   21.9  22.65    130   1.02
mu_all[35]      21.78    0.02   0.41  20.98   21.5  21.78  22.05  22.62    668   1.01
mu_all[36]      22.12    0.01   0.43  21.29  21.83  22.11  22.39  22.98   1351   1.01
mu_all[37]      22.64  9.4e-3   0.42  21.87  22.35  22.65  22.92  23.48   2000    1.0
mu_all[38]      23.17    0.02   0.42  22.38  22.89  23.17  23.47  24.02    292   1.02
mu_all[39]      23.38  9.4e-3   0.42  22.49  23.13  23.37  23.64  24.23   2000    1.0
mu_all[40]       23.9    0.01   0.43  23.06   23.6   23.9  24.19  24.74   1095   1.01
mu_all[41]      24.22  9.8e-3   0.44  23.34  23.93  24.24  24.49   25.1   2000    1.0
mu_all[42]      24.61    0.01   0.46  23.73   24.3  24.58   24.9  25.57   2000    1.0
mu_all[43]       25.1    0.04   0.63  23.84  24.68  25.11  25.56  26.27    217   1.02
mu_all[44]      25.09    0.03   0.98  23.17  24.43  25.09  25.76  27.01   1475    1.0
mu_all[45]      25.12    0.03   1.25  22.78  24.29   25.1  25.93  27.73   2000    1.0
mu_all[46]      25.13    0.04   1.47  22.22  24.25  25.11  26.04  28.16   1483    1.0
mu_all[47]      25.12    0.04   1.64  21.76  24.08  25.15  26.12  28.55   1935    1.0
mu_all[48]       25.1    0.04   1.79  21.51   23.9   25.1  26.25  28.82   1837    1.0
season_all[0]   -0.26    0.05   0.62  -1.46  -0.69  -0.28   0.14   0.86    164   1.03
season_all[1]    5.13    0.04    0.5   4.15    4.8   5.12   5.43   6.22    138   1.02
season_all[2]   -2.39    0.04   0.56  -3.74  -2.72   -2.3   -2.0  -1.43    190   1.03
season_all[3]   -2.49    0.04   0.51  -3.33  -2.84  -2.51  -2.17  -1.44    169   1.02
season_all[4]   -0.06  9.3e-3   0.42  -0.89  -0.33  -0.05   0.19   0.79   2000    1.0
season_all[5]    5.42    0.04   0.46   4.54   5.13   5.41   5.69   6.41    141   1.02
season_all[6]   -3.79    0.02   0.42  -4.57  -4.08  -3.81  -3.53  -2.87    310   1.01
season_all[7]   -1.29    0.03   0.45  -2.23  -1.59  -1.27  -0.99  -0.45    322   1.02
season_all[8]   -0.01  9.8e-3    0.4  -0.78  -0.28  -0.01   0.23    0.8   1662    1.0
season_all[9]    4.94    0.02   0.44   4.13   4.66    4.9   5.21   5.86    459   1.01
season_all[10]  -3.76    0.02   0.42  -4.64  -4.03  -3.76  -3.47   -3.0    420   1.01
season_all[11]   -1.1    0.02   0.44  -2.05  -1.37  -1.08  -0.84  -0.28    529   1.01
season_all[12]  -0.18    0.01   0.41  -0.99  -0.43   -0.2   0.07   0.67   1538    1.0
season_all[13]   5.33    0.03   0.44    4.5   5.02   5.33    5.6   6.24    307   1.01
season_all[14]   -4.3    0.02   0.42  -5.09  -4.58  -4.33  -4.04  -3.42    781   1.01
season_all[15]  -0.89    0.03   0.46  -1.84  -1.18  -0.89  -0.55  -0.07    216   1.02
season_all[16]  -0.29    0.02   0.42  -1.01  -0.59   -0.3  -0.01   0.54    435   1.01
season_all[17]   5.98  9.0e-3    0.4   5.18   5.72    6.0   6.25   6.74   2000   1.01
season_all[18]  -4.85    0.05   0.53  -5.77  -5.22  -4.87  -4.53  -3.72    124   1.04
season_all[19]   -1.3    0.02   0.43  -2.17  -1.59  -1.29   -1.0  -0.47    310   1.01
season_all[20]    0.3    0.02   0.43  -0.59   0.04    0.3   0.57   1.15    686   1.01
season_all[21]   5.43    0.02   0.41   4.63   5.16   5.44   5.69   6.27    722    1.0
season_all[22]  -3.55  9.3e-3   0.42  -4.39  -3.81  -3.54  -3.28  -2.73   2000    1.0
season_all[23]  -2.41    0.01    0.4  -3.14  -2.67  -2.42  -2.15  -1.61   1206   1.01
season_all[24]   0.26    0.03   0.43  -0.65-8.7e-3   0.28   0.56   1.05    258   1.01
season_all[25]   5.45    0.03   0.45   4.62   5.13   5.43   5.74   6.42    179   1.02
season_all[26]  -2.78    0.04    0.5   -3.8  -3.08  -2.78  -2.43  -1.88    152   1.03
season_all[27]  -2.88    0.02   0.44   -3.7  -3.19   -2.9  -2.59  -1.98    589   1.01
season_all[28]  -0.54    0.05   0.48  -1.41  -0.87  -0.57  -0.26   0.63     94   1.04
season_all[29]   6.92    0.02   0.42   6.08   6.64   6.93   7.22   7.71    323   1.01
season_all[30]   -3.6    0.01   0.42   -4.4  -3.86  -3.61  -3.33  -2.75   1641   1.01
season_all[31]   -2.8    0.02   0.42  -3.63   -3.1  -2.81  -2.51   -2.0    417   1.01
season_all[32]  -1.14    0.05   0.47  -2.07  -1.45  -1.15  -0.84  -0.24    102   1.03
season_all[33]    8.2    0.04   0.53   7.07   7.91   8.23   8.56   9.07    144   1.03
season_all[34]  -4.28    0.05   0.48  -5.43  -4.56  -4.27  -3.97  -3.35    103   1.03
season_all[35]  -2.86    0.01    0.4  -3.65  -3.12  -2.84  -2.61  -2.05    726    1.0
season_all[36]  -0.97    0.01   0.41  -1.79  -1.23  -0.96  -0.73   -0.1    874   1.01
season_all[37]   7.93    0.03   0.45    7.0   7.63   7.95   8.23   8.74    298   1.01
season_all[38]  -4.05    0.02   0.44  -4.89  -4.35  -4.06  -3.75  -3.18    815   1.02
season_all[39]  -2.97    0.02   0.43   -3.8  -3.24   -3.0  -2.71  -2.04    684   1.01
season_all[40]  -0.69    0.01   0.45  -1.62  -0.99  -0.68  -0.36   0.12    946   1.01
season_all[41]   7.67    0.01   0.46   6.78    7.4   7.65   7.98   8.57   1297    1.0
season_all[42]  -4.32    0.01   0.49   -5.3  -4.64  -4.29  -4.01  -3.35   2000    1.0
season_all[43]  -2.36    0.02   0.61  -3.48  -2.79  -2.37  -1.96  -1.16    809   1.02
season_all[44]  -0.98    0.03   0.97  -2.96  -1.62  -0.98  -0.33   0.86    938   1.01
season_all[45]   7.64    0.02    1.0   5.61    7.0   7.65   8.29   9.54   1754    1.0
season_all[46]  -4.32    0.02   1.01  -6.38  -4.96  -4.33  -3.69   -2.3   1853    1.0
season_all[47]  -2.34    0.05   1.07  -4.42  -3.06  -2.36  -1.63  -0.15    549   1.01
season_all[48]  -0.98    0.04   1.32  -3.64  -1.82  -0.93  -0.11    1.5   1146   1.01
y_mean_all[0]    18.1  8.4e-3   0.37  17.31  17.93  18.09  18.26  18.93   2000    1.0
y_mean_all[1]   23.63  8.2e-3   0.37  22.75  23.47  23.66  23.81   24.4   2000    1.0
y_mean_all[2]   16.14    0.05   0.51  14.71  15.98  16.27  16.43  16.79    103   1.04
y_mean_all[3]   15.08    0.02   0.41   14.4  14.86  15.01  15.22   16.1    345   1.02
y_mean_all[4]    17.1  8.0e-3   0.36  16.34  16.94  17.11  17.25  17.88   2000    1.0
y_mean_all[5]   22.16  8.0e-3   0.36  21.38  21.98  22.18  22.34  22.93   2000    1.0
y_mean_all[6]    12.4    0.02   0.41  11.74  12.18  12.32  12.57  13.38    395   1.02
y_mean_all[7]   15.01    0.02   0.39  14.05  14.85  15.07  15.22  15.67    288   1.02
y_mean_all[8]   15.78  8.0e-3   0.36  14.95  15.61   15.8  15.96  16.47   2000    1.0
y_mean_all[9]   20.06    0.02   0.38  19.41  19.84  19.99  20.22  21.01    271   1.02
y_mean_all[10]  11.27  7.8e-3   0.35  10.55   11.1  11.26  11.44  12.01   2000    1.0
y_mean_all[11]  13.81  8.3e-3   0.37  12.98  13.64  13.83  13.99  14.57   2000    1.0
y_mean_all[12]  14.58  8.7e-3   0.39   13.8  14.39  14.55  14.75  15.45   2000    1.0
y_mean_all[13]  20.17  8.5e-3   0.38  19.52  19.98  20.14  20.33  21.05   2000    1.0
y_mean_all[14]  10.89  8.4e-3   0.37  10.15  10.71  10.88  11.02  11.79   2000    1.0
y_mean_all[15]  14.59    0.03    0.4  13.59  14.41  14.67  14.81  15.26    255   1.01
y_mean_all[16]  15.03  7.9e-3   0.35  14.31  14.86  15.02  15.19   15.9   2000    1.0
y_mean_all[17]  21.31  7.9e-3   0.35  20.49  21.14  21.34  21.51  21.98   2000   1.01
y_mean_all[18]  10.14    0.07   0.51    9.5   9.83   10.0  10.33  11.45     46   1.06
y_mean_all[19]  14.47  8.8e-3    0.4  13.64  14.29  14.51  14.66  15.22   2000    1.0
y_mean_all[20]  16.59    0.02   0.38   15.6  16.42  16.65  16.79  17.28    311   1.01
y_mean_all[21]  21.68  8.3e-3   0.37  21.01  21.48  21.66  21.84  22.59   2000   1.01
y_mean_all[22]  12.93  8.0e-3   0.36  12.14  12.77  12.94   13.1  13.68   2000    1.0
y_mean_all[23]  14.17  8.7e-3   0.39   13.4  13.96  14.12  14.34  15.12   2000   1.01
y_mean_all[24]  17.31  8.4e-3   0.38  16.47  17.15  17.34  17.49  18.05   2000    1.0
y_mean_all[25]  22.86    0.03   0.41  22.22  22.61  22.77  23.01  23.87    157   1.03
y_mean_all[26]  15.66    0.04   0.43  14.58  15.49  15.76  15.93  16.31    117   1.04
y_mean_all[27]  15.67  8.3e-3   0.37  14.96  15.47  15.63  15.84  16.55   2000   1.01
y_mean_all[28]  18.18  8.0e-3   0.36  17.49   18.0  18.15  18.36  18.97   2000    1.0
y_mean_all[29]   26.2  7.8e-3   0.35  25.42  26.02   26.2  26.37  26.92   2000    1.0
y_mean_all[30]  16.16  8.0e-3   0.36  15.38  15.99  16.17  16.33  16.93   2000    1.0
y_mean_all[31]  17.52  8.0e-3   0.36  16.75  17.35   17.5   17.7  18.32   2000    1.0
y_mean_all[32]  19.74  7.9e-3   0.35  19.05  19.56  19.73   19.9  20.53   2000   1.01
y_mean_all[33]  29.95    0.05   0.48  28.71  29.75  30.07  30.26   30.6     98   1.05
y_mean_all[34]  17.35  8.2e-3   0.36   16.7  17.16  17.31  17.53   18.2   2000   1.01
y_mean_all[35]  18.93  8.0e-3   0.36  18.24  18.75  18.89  19.09  19.81   2000    1.0
y_mean_all[36]  21.15  8.0e-3   0.36  20.47  20.98  21.12  21.32  21.97   2000   1.01
y_mean_all[37]  30.58  8.3e-3   0.37  29.72  30.42  30.61  30.76  31.23   2000    1.0
y_mean_all[38]  19.12  7.9e-3   0.35  18.31  18.95  19.12   19.3  19.83   2000    1.0
y_mean_all[39]  20.41  8.3e-3   0.37  19.71  20.23  20.37  20.58  21.27   2000   1.01
y_mean_all[40]  23.21  8.5e-3   0.38  22.37  23.04  23.23   23.4  23.97   2000    1.0
y_mean_all[41]  31.89  8.4e-3   0.37  31.07  31.72  31.89  32.08  32.67   2000    1.0
y_mean_all[42]  20.28  8.4e-3   0.38  19.52   20.1  20.26  20.45   21.1   2000    1.0
y_mean_all[43]  22.74    0.02   0.39   21.8  22.55   22.8  22.95  23.42    406   1.01
y_mean_all[44]  24.11    0.05   1.57  21.01  23.07  24.13  25.17  27.11    998   1.01
y_mean_all[45]  32.76    0.04   1.66  29.48   31.7  32.75  33.82  36.07   1383    1.0
y_mean_all[46]   20.8    0.04   1.73  17.35  19.71  20.82  21.94  24.21   1808    1.0
y_mean_all[47]  22.79    0.04   1.79  19.34  21.66  22.75   24.0  26.18   2000    1.0
y_mean_all[48]  24.12    0.06   2.37  19.44   22.6   24.1  25.63  28.86   1341   1.01
y_pred[0]        24.1    0.05   1.64  21.01  23.01  24.12  25.23  27.22   1018   1.01
y_pred[1]       32.76    0.05   1.73  29.45   31.7  32.73  33.88  36.14   1392    1.0
y_pred[2]       20.79    0.04   1.78  17.17  19.64   20.8   22.0  24.18   1804    1.0
y_pred[3]       22.77    0.04   1.83  19.23  21.56  22.74  24.04  26.32   2000    1.0
y_pred[4]       24.11    0.07   2.42  19.28  22.55  24.08  25.68  28.98   1367   1.01
lp__            26.14     5.8  25.95 -16.72   7.49  22.49   43.5  77.63     20   1.14

Samples were drawn using NUTS at Tue Oct 31 12:38:46 2017.
For each parameter, n_eff is a crude measure of effective sample size,
and Rhat is the potential scale reduction factor on split chains (at 
convergence, Rhat=1).